14
30
32
38
39
40
51
51
59
73
76
79
94
103
110
113
115
119
141
145
148
150
162
162
165
167
173
195
195
209
210
211
215
221
222
226
228
228
229
238
242
244
246
250
255
261
270
273
281
282
286
292
292
294
294
304
308
311
314
318
319
322
332
333
344
359
362
364
373
374
382
385
385
392
395
399
402
408
419
426
429
461
464
468
471
476
478
483
485
494
497
497
499
502
502
503
504
511
516
518
519
527
528
537
538
544
549
551
564
564
564
568
581
584
585
597
597
605
606
607
611
616
630
632
639
639
652
653
654
661
662
673
677
680
683
684
684
686
692
694
703
706
707
724
728
729
731
747
750
754
758
762
764
765
771
790
793
795
813
817
823
836
836
838
838
857
861
862
876
878
879
887
891
904
922
925
929
932
933
938
940
941
941
943
944
950
953
965
966
970
972
976
980
982
982
983
991
991
997
997
